[
  {
    "entity": "vga_socket",
    "obb": {
      "center": [
        0.2925252358118693,
        0.23118444631497065,
        0.7979391117890676
      ],
      "extent": [
        0.0354,
        0.0118,
        0.0061
      ],
      "rotation": [
        [
          -0.4013986539185993,
          -0.7398899176435283,
          -0.5398537120385388
        ],
        [
          -0.8678432816192385,
          0.4956689547595449,
          -0.03406355583217427
        ],
        [
          0.292792006688516,
          0.45483535159113697,
          -0.841069345394468
        ]
      ]
    }
  },
  {
    "entity": "power_socket",
    "obb": {
      "center": [
        0.41573735177516935,
        0.2666034083813429,
        0.6947459906339646
      ],
      "extent": [
        0.03482502126585584,
        0.025,
        0.0182
      ],
      "rotation": [
        [
          -0.40615695323413464,
          0.6651892041020147,
          -0.6265459696508258
        ],
        [
          0.8912327407686611,
          0.13690575970129337,
          -0.43238988741943546
        ],
        [
          -0.20184333311146413,
          -0.7340164410329924,
          -0.6484436237420448
        ]
      ]
    }
  },
  {
    "entity": "ethernet_socket",
    "obb": {
      "center": [
        0.34741502300391486,
        0.23934397669175922,
        0.6943552605286356
      ],
      "extent": [
        0.0376,
        0.02726192507839628,
        0.0125
      ],
      "rotation": [
        [
          -0.9734704284098699,
          -0.22878468145314812,
          -0.0035908973649980223
        ],
        [
          -0.2215962628138225,
          0.9465620656982592,
          -0.23434024854470203
        ],
        [
          0.057012466342474186,
          -0.227327572708255,
          -0.9721480100108838
        ]
      ]
    }
  },
  {
    "entity": "usb_port",
    "obb": {
      "center": [
        0.28838456931867096,
        0.23234927000706657,
        0.6995899279912313
      ],
      "extent": [
        0.029658197211935005,
        0.0148,
        0.008386902249261335
      ],
      "rotation": [
        [
          -0.6441745401327286,
          -0.7642735081659885,
          -0.030416550765006527
        ],
        [
          -0.7295251335454276,
          0.6258643880098943,
          -0.27583844428673543
        ],
        [
          0.22985265143198452,
          -0.1554984647405024,
          -0.9607226374417506
        ]
      ]
    }
  },
  {
    "entity": "hdmi_port",
    "obb": {
      "center": [
        0.366732242561522,
        0.2395421103352592,
        0.5751854890868777
      ],
      "extent": [
        0.0316,
        0.0072,
        0.005
      ],
      "rotation": [
        [
          -0.18841574284475712,
          0.11718750088510957,
          0.9750726113908442
        ],
        [
          0.9605383553660335,
          0.22884307812046895,
          0.15810412223299006
        ],
        [
          -0.20461079081752667,
          0.9663839481451724,
          -0.15568072792858775
        ]
      ]
    }
  },
  {
    "entity": "audio_jack",
    "obb": {
      "center": [
        0.35789931737459624,
        0.24174522092709175,
        0.8215026259422302
      ],
      "extent": [
        0.0318,
        0.0136,
        0.009435505750486814
      ],
      "rotation": [
        [
          -0.9344164279416333,
          0.21171585429497183,
          -0.28643033399580636
        ],
        [
          -0.2845299492158513,
          -0.9274373592554953,
          0.24269868696887997
        ],
        [
          -0.2142630327238559,
          0.30827964852929135,
          0.9268522056458799
        ]
      ]
    }
  },
  {
    "entity": "monitor_stand",
    "obb": {
      "center": [
        0.35798871517181396,
        0.28788023069500923,
        0.7322843000292778
      ],
      "extent": [
        0.15,
        0.08,
        0.06
      ],
      "rotation": [
        [
          -0.25167548863000117,
          -0.0895303439414202,
          -0.9636616449442102
        ],
        [
          -0.9130200651881611,
          0.3522382913548244,
          0.20572444353367175
        ],
        [
          0.32101995107260095,
          0.931618217735766,
          -0.17039274455263612
        ]
      ]
    }
  },
  {
    "entity": "keyboard",
    "obb": {
      "center": [
        0.21924441726878285,
        1.8616788536310196,
        0.6001790538430214
      ],
      "extent": [
        0.15,
        0.065,
        0.01
      ],
      "rotation": [
        [
          -0.3259882830278016,
          0.04511077345730362,
          0.9442969117002712
        ],
        [
          0.9308132102685776,
          0.18994985742652268,
          0.3122592180435171
        ],
        [
          -0.16528280890065633,
          0.9807568861760428,
          -0.10391113174333919
        ]
      ]
    }
  }
]